------------------------------ Successive Over Relaxation Method ------------------------------
Inserted Equation System
           4.0                      3.0                      0.0                     24.0           
           3.0                      4.0                     -1.0                     30.0           
           0.0                     -1.0                      4.0                     -24.0          

 Updated Equation System 
           4.0                      3.0                      0.0                     24.0           
           3.0                      4.0                     -1.0                     30.0           
           0.0                     -1.0                      4.0                     -24.0          

==========================================================================================
        Iteration                    A                        B                        C            
            1                       7.2                     2.52                    -6.444          
            2                      3.492                    3.42                    -4.8851         
            3                     3.4235                   3.7692                   -5.0922         
            4                      3.123                   3.9078                   -5.0092         
            5                     3.0583                   3.9631                   -5.0092         
            6                     3.0215                   3.9852                   -5.0025         
            7                     3.0089                   3.9941                   -5.0012         
            8                     3.0035                   3.9976                   -5.0004         
            9                     3.0014                    3.999                   -5.0001         
           10                     3.0005                   3.9996                    -5.0           
           11                     3.0002                   3.9998                    -5.0           
           12                       3.0                    3.9999                    -5.0           
           13                       3.0                    3.9999                    -5.0           
        Solution                    3.0                    3.9999                    -5.0           